SCI2505
09
10
2018
M
220290
4840886
SCI2505
09
10
2018
M
220291
4840886
SCI2505
09
10
2018
M
220292
4840886
SCI2505
09
10
2018
M
220293
4840886
SCI2505
09
10
2018
M
220294
4840886
SCI2505
09
10
2018
M
220295
4840886
SCI2505
09
10
2018
M
220296
4840886
SCI2505
09
10
2018
M
220297
4840886
SCI2505
09
10
2018
M
220298
4840886
SCI2505
09
10
2018
M
220299
4840886
SCI2505
09
10
2018
M
220300
4840886
SCI2505
08
10
2018
M
220351
4840886
SCI2505
08
10
2018
M
220352
4840886
SCI2505
08
10
2018
M
220353
4840886
SCI2505
08
10
2018
M
220354
4840886
SCI2505
08
10
2018
M
220355
4840886
SCI2505
08
10
2018
M
220356
4840886
SCI2505
08
10
2018
M
220357
4840886
SCI2505
08
10
2018
M
220358
4840886
SCI2505
08
10
2018
M
220359
4840886
SCI2505
08
10
2018
M
220360
4840886
SCI2505
08
10
2018
M
220361
4840886
SCI2505
08
10
2018
M
220362
4840886
SCI2505
08
10
2018
M
220363
4840886
SCI2505
08
10
2018
M
220364
4840886
SCI2505
08
10
2018
M
220365
4840886